5
16
30
6
34
31
4
33
31
4
32
31
4
31
31
4
30
31
4
29
31
4
28
31
18
27
31
19
27
30
17
27
29
4
26
31
4
25
31
4
24
31
4
22
31
4
21
31
4
20
31
4
18
31
4
17
31
4
16
31
7
15
31
18
19
31
18
23
31
19
19
30
17
23
30
17
19
29
10
15
30
10
15
29
10
15
28
10
15
27
10
15
26
10
15
25
10
15
24
10
15
23
9
22
19
8
34
30
8
34
29
8
34
28
8
34
27
8
34
26
8
34
25
3
25
30
3
29
30
21
33
24
20
32
24
21
30
25
21
29
25
21
28
25
25
31
25
26
27
25
26
26
24
23
27
24
23
34
24
22
31
24
23
26
23
21
25
23
20
24
23
20
23
23
21
22
23
26
21
23
23
21
22
21
20
22
21
17
22
21
16
22
20
18
22
20
19
22
22
15
22
9
15
21
9
16
21
9
17
21
9
18
21
9
18
20
9
17
20
9
16
20
9
15
20
9
15
19
9
16
19
9
17
19
9
18
19
9
19
20
9
19
21
9
20
21
9
20
20
9
19
19
9
20
19
9
21
19
9
21
20
9
21
21
9
22
21
9
22
22
9
23
22
9
24
22
9
25
22
9
26
22
9
27
22
9
27
23
9
28
23
9
28
24
9
29
24
9
30
24
9
29
23
9
30
23
9
31
23
9
33
23
9
34
23
9
34
22
9
33
22
9
28
22
9
34
20
9
34
21
9
33
21
9
33
20
9
33
19
9
34
19
9
32
19
9
32
20
9
32
21
9
32
23
9
32
22
9
31
22
9
29
20
9
29
21
9
29
22
9
30
22
9
31
20
9
31
21
9
30
21
9
30
20
9
31
19
9
30
19
9
29
19
9
28
19
9
28
20
9
28
21
9
27
21
9
25
21
9
24
21
9
23
21
9
23
20
9
22
20
9
24
20
9
23
19
9
24
19
9
27
19
9
27
20
9
26
20
9
26
21
9
25
20
9
25
19
9
26
19
9
35
31
9
35
30
9
35
29
9
35
28
9
35
27
9
35
26
9
35
25
9
35
24
9
35
23
9
35
22
9
35
21
9
35
20
9
35
19
9
14
19
9
14
20
9
14
21
9
14
22
9
14
23
9
14
24
9
14
25
9
14
26
9
14
27
9
14
28
9
14
29
9
14
30
9
14
31
9
36
19
9
36
20
9
36
21
9
36
22
9
36
23
9
36
24
9
36
25
9
36
26
9
36
27
9
36
28
9
36
29
9
36
30
9
36
31
9
36
18
9
35
18
9
34
18
9
33
18
9
32
18
9
31
18
9
30
18
9
29
18
9
28
18
9
27
18
9
26
18
9
25
18
9
24
18
9
23
18
9
22
18
9
21
18
9
20
18
9
19
18
9
18
18
9
17
18
9
16
18
9
15
18
9
14
18
2
31
30