5
33
28
4
32
33
4
31
33
4
30
33
4
29
33
4
28
33
4
27
33
4
26
33
4
25
33
4
24
33
4
23
33
4
22
33
4
21
33
4
20
33
4
19
33
4
18
33
4
17
33
4
16
33
3
30
21
3
27
23
3
26
23
3
29
28
3
26
29
3
32
32
3
19
30
3
19
25
3
18
25
3
19
24
3
20
18
7
15
33
6
33
33
6
34
29
8
33
32
8
33
31
8
33
30
8
34
28
8
32
26
8
32
25
8
32
24
8
32
23
8
32
22
8
32
21
8
32
20
8
32
19
8
32
18
8
32
17
10
16
17
10
16
18
10
16
19
10
16
20
10
16
21
10
16
22
10
16
23
10
16
24
10
16
25
10
16
26
10
15
28
10
15
29
10
15
30
10
15
31
10
15
32
22
15
27
25
16
27
22
16
16
21
17
16
21
18
16
21
20
16
21
21
16
21
22
16
21
24
16
21
25
16
21
27
16
21
28
16
21
30
16
21
31
16
20
29
16
20
26
16
20
23
16
20
19
16
23
32
16
26
32
27
21
33
27
23
34
27
15
33
29
14
22
19
14
28
19
14
30
22
14
27
24
14
30
29
14
27
30
14
20
31
14
20
26
13
19
26
13
25
30
13
26
30
13
26
24
12
25
24
12
24
30
12
29
29
12
19
31
12
18
26
12
20
19
13
21
19
13
27
19
12
26
19
11
25
20
11
24
21
11
23
22
11
19
22
11
18
20
11
21
28
11
22
27
11
23
28
11
24
25
11
23
31
11
28
31
11
30
28
9
34
30
9
34
31
9
34
32
9
34
33
9
34
26
9
33
26
9
33
25
9
34
25
9
34
24
9
33
24
9
33
23
9
34
23
9
34
22
9
33
22
9
33
21
9
34
21
9
34
20
9
33
20
9
33
19
9
34
19
9
34
18
9
33
18
9
33
17
9
34
17
9
34
16
9
33
16
9
15
16
9
15
17
9
15
18
9
15
19
9
15
20
9
15
21
9
15
22
9
15
23
9
15
24
9
15
25
9
15
26
12
29
22
9
14
16
9
14
17
9
14
18
9
14
19
9
14
20
9
14
21
9
14
22
9
14
23
9
14
24
9
14
25
9
14
26
9
14
27
9
14
28
9
14
29
9
14
30
9
14
31
9
14
32
9
14
33
9
13
33
9
13
32
9
13
31
9
13
30
9
13
29
9
13
28
9
13
27
9
13
26
9
13
25
9
13
24
9
13
23
9
13
22
9
13
21
9
13
20
9
13
19
9
13
18
9
13
17
9
13
16
9
35
16
9
35
17
9
35
18
9
35
19
9
35
20
9
35
21
9
35
22
9
35
23
9
35
24
9
35
25
9
35
26
9
35
27
9
35
28
9
35
29
9
35
30
9
35
31
9
35
32
9
35
33
2
21
18