5
16
25
9
34
31
9
34
30
6
34
29
4
33
29
4
32
29
4
31
29
4
30
29
4
29
29
4
28
29
4
27
29
4
25
29
4
24
29
15
23
29
16
19
29
10
19
30
8
23
30
6
23
31
7
19
31
4
20
31
4
21
31
4
22
31
9
24
30
9
24
31
9
25
31
9
25
30
9
26
30
9
26
31
9
27
31
9
27
30
9
28
30
9
28
31
9
29
31
9
29
30
9
30
30
9
30
31
9
31
31
9
31
30
9
32
30
9
32
31
9
33
31
9
33
30
18
26
29
19
26
28
17
26
27
3
27
28
3
29
28
3
30
28
3
29
27
8
34
28
8
34
27
8
34
26
8
34
25
8
34
24
8
34
23
8
34
22
3
22
30
4
18
29
4
17
29
7
16
29
10
16
28
10
16
27
7
15
26
16
16
26
10
15
25
22
15
24
9
18
31
9
18
30
9
17
30
9
17
31
9
16
31
9
16
30
9
15
31
9
15
30
9
15
29
9
15
28
9
15
27
9
15
23
9
15
22
9
15
21
9
15
20
9
15
19
10
16
23
10
16
22
10
16
21
25
16
24
21
17
20
22
16
20
26
18
21
23
18
20
21
19
21
21
20
21
20
21
21
23
22
21
26
22
22
21
23
22
23
24
22
26
24
24
8
24
23
20
25
24
21
26
24
25
27
24
22
27
23
25
28
23
22
28
22
20
30
22
25
31
22
22
31
21
20
32
21
20
33
21
23
34
21
9
34
20
9
33
20
9
32
20
9
31
20
9
30
20
9
29
20
9
30
21
9
29
21
9
28
21
9
27
22
9
26
22
9
25
22
9
25
23
9
26
23
9
26
21
9
27
21
21
29
22
9
28
20
9
27
20
9
26
20
9
25
20
9
25
21
9
24
21
9
23
21
9
24
20
9
23
20
9
22
20
9
21
20
9
20
20
9
19
20
9
18
19
9
17
19
9
16
19
9
19
19
9
20
19
9
21
19
9
22
19
9
23
19
9
24
19
9
25
19
9
26
19
9
27
19
9
28
19
9
29
19
9
30
19
9
31
19
9
32
19
9
33
19
9
34
19
9
35
31
9
35
30
9
35
29
9
35
28
9
35
27
9
35
26
9
35
25
9
35
24
9
35
23
9
35
22
9
35
21
9
35
20
9
35
19
9
36
19
9
36
20
9
36
21
9
36
22
9
36
23
9
36
24
9
36
25
9
36
26
9
36
27
9
36
28
9
36
29
9
36
30
9
36
31
9
14
31
9
14
30
9
14
29
9
14
28
9
14
27
9
14
26
9
14
25
9
14
24
9
14
23
9
14
22
9
14
21
9
14
20
9
14
19
9
36
18
9
35
18
9
34
18
9
33
18
9
32
18
9
31
18
9
30
18
9
29
18
9
28
18
9
27
18
9
26
18
9
25
18
9
24
18
9
23
18
9
22
18
9
21
18
9
20
18
9
19
18
9
18
18
9
17
18
9
16
18
9
15
18
9
14
18
2
31
28