5
28
21
9
31
30
9
30
30
9
29
30
9
28
30
9
27
30
9
26
30
9
25
30
9
24
30
9
23
30
9
22
30
9
21
30
9
20
30
9
19
30
9
18
30
9
17
30
9
32
30
9
34
30
9
33
30
9
15
30
9
16
30
9
35
30
9
14
30
9
36
30
4
24
29
4
25
29
4
26
29
4
27
29
4
28
29
4
23
29
4
22
29
4
21
29
4
20
29
7
19
29
4
29
29
6
30
29
9
18
29
9
31
29
9
17
29
9
32
29
9
33
29
9
34
29
9
16
29
9
15
29
9
35
29
9
14
29
9
36
29
10
19
28
8
30
28
9
18
28
9
31
28
9
17
28
9
32
28
9
33
28
9
34
28
9
15
28
9
16
28
9
35
28
9
14
28
9
36
28
10
19
27
8
30
27
9
18
27
9
31
27
9
17
27
9
32
27
9
34
27
9
33
27
9
16
27
9
15
27
9
35
27
9
14
27
9
36
27
10
19
26
8
30
26
9
18
26
9
31
26
9
17
26
9
32
26
9
33
26
9
34
26
9
15
26
9
16
26
9
35
26
9
14
26
9
36
26
10
19
25
11
23
25
8
30
25
9
18
25
9
31
25
9
17
25
9
32
25
9
34
25
9
33
25
9
16
25
9
15
25
9
35
25
9
14
25
9
36
25
10
19
24
11
24
24
11
25
24
8
30
24
9
18
24
9
31
24
9
17
24
9
32
24
9
33
24
9
34
24
9
15
24
9
16
24
9
35
24
9
14
24
9
36
24
10
19
23
11
20
23
11
21
23
8
30
23
11
22
23
9
18
23
9
31
23
9
17
23
9
32
23
9
34
23
9
33
23
9
16
23
9
15
23
9
35
23
9
14
23
9
36
23
10
19
22
11
28
22
8
30
22
9
18
22
9
31
22
9
17
22
9
32
22
9
33
22
9
34
22
9
15
22
9
16
22
9
35
22
9
14
22
9
36
22
10
19
21
8
30
21
9
18
21
9
31
21
9
17
21
9
32
21
9
34
21
9
33
21
9
16
21
9
15
21
9
35
21
9
14
21
9
36
21
10
19
20
8
30
20
9
18
20
9
31
20
9
17
20
9
32
20
9
33
20
9
34
20
9
15
20
9
16
20
9
35
20
9
14
20
9
36
20
22
19
19
23
30
19
21
20
19
21
21
19
20
22
19
21
23
19
21
24
19
20
25
19
21
26
19
21
27
19
21
28
19
21
29
19
9
18
19
9
31
19
9
17
19
9
32
19
9
34
19
9
33
19
9
16
19
9
15
19
9
35
19
9
14
19
9
36
19
9
18
18
9
19
18
9
20
18
9
21
18
9
22
18
9
23
18
9
24
18
9
25
18
9
26
18
9
27
18
9
28
18
9
29
18
9
30
18
9
31
18
9
17
18
9
32
18
9
33
18
9
34
18
9
15
18
9
16
18
9
35
18
9
14
18
9
36
18
9
17
17
9
18
17
9
19
17
9
20
17
9
21
17
9
22
17
9
23
17
9
24
17
9
25
17
9
26
17
9
27
17
9
28
17
9
29
17
9
30
17
9
31
17
9
32
17
9
34
17
9
33
17
9
16
17
9
15
17
9
35
17
9
14
17
9
36
17
3
26
28
3
27
28
3
28
28
3
20
28
3
21
28
3
22
28
3
23
28
3
29
28
3
24
28
3
28
27
3
20
27
3
21
27
3
22
27
3
29
27
3
23
27
3
20
26
3
29
26
3
29
25
3
20
22
3
21
22
3
20
21
2
28
26