5
33
16
4
36
32
4
35
32
4
33
33
4
32
33
4
31
33
4
28
31
4
24
33
4
23
33
4
22
33
4
21
33
4
20
33
4
19
33
4
18
33
4
17
33
4
16
33
4
15
33
4
14
33
4
13
33
4
12
29
3
36
18
3
36
22
3
35
26
3
35
25
3
30
27
3
29
27
3
31
24
3
28
24
3
27
24
3
27
25
3
26
26
3
21
29
3
20
29
3
19
29
3
18
32
3
18
25
3
17
25
3
16
25
3
17
24
3
12
23
3
16
21
3
14
18
3
12
19
3
12
18
3
12
17
3
16
17
3
17
17
3
19
18
3
29
20
6
37
32
6
34
33
6
25
33
6
26
32
7
12
33
7
29
32
7
30
33
8
37
31
8
37
30
8
37
29
8
37
28
8
37
27
8
37
26
8
37
25
8
37
24
6
38
23
8
38
22
8
38
21
8
38
20
8
37
18
8
37
17
8
37
16
26
37
19
23
38
19
23
37
15
15
37
23
15
34
32
15
25
32
15
26
31
16
29
31
16
30
32
17
27
30
18
27
31
9
26
33
9
27
33
9
28
33
9
29
33
9
28
32
9
27
32
9
11
33
9
11
32
9
11
31
9
11
30
10
12
32
10
12
31
25
13
30
22
12
30
16
13
29
11
14
29
10
11
28
10
11
27
10
11
26
10
11
25
10
11
24
10
11
23
10
11
22
10
11
21
10
11
20
10
11
19
10
11
18
10
11
17
10
11
16
22
11
15
21
12
15
21
14
15
21
15
15
21
16
15
21
17
15
21
18
15
21
20
15
21
21
15
23
22
15
26
22
16
21
23
15
21
25
15
21
26
15
21
28
15
21
29
15
21
31
15
26
32
16
23
32
15
21
33
15
21
35
15
21
36
15
20
30
15
20
27
15
20
34
15
20
24
15
20
19
15
20
13
15
11
20
18
11
21
19
11
22
20
11
24
22
11
25
23
11
23
24
11
20
24
11
21
26
11
19
27
11
20
21
11
25
28
11
33
21
11
32
20
11
31
19
11
33
17
11
27
26
11
28
25
11
30
24
12
12
24
12
12
20
14
13
20
14
13
24
12
15
26
13
16
26
13
17
26
14
18
26
14
18
22
13
17
22
13
16
22
12
15
22
12
14
19
13
15
19
13
16
19
13
17
19
13
18
19
14
19
19
14
17
18
12
16
18
12
24
18
13
25
18
13
26
18
14
27
18
14
30
18
12
29
18
12
27
21
13
28
21
13
29
21
14
30
21
14
32
25
13
31
25
12
30
25
12
29
28
14
30
28
14
32
29
12
31
29
12
24
27
13
25
27
14
26
27
14
36
27
13
35
27
12
34
27
12
35
23
14
36
23
14
36
19
12
35
19
9
38
24
9
38
25
9
38
26
9
38
27
9
38
28
9
38
29
9
38
30
9
38
31
9
38
32
9
38
33
9
37
33
9
36
33
9
35
33
9
38
17
9
38
18
9
38
16
9
38
15
7
11
29
11
17
31
11
21
31
12
18
30
13
19
30
13
20
30
13
21
30
14
22
30
2
36
17