5
34
24
4
33
32
4
32
32
4
31
32
4
30
32
4
29
32
4
28
32
4
23
32
4
22
32
4
21
32
4
20
32
4
19
32
4
18
32
4
16
31
4
15
31
4
14
31
3
33
31
3
32
31
3
31
31
3
30
31
3
30
30
3
30
29
3
30
28
3
28
23
3
28
20
3
25
22
3
26
22
3
20
20
3
21
20
3
22
20
3
23
20
3
18
23
3
22
25
3
19
27
3
18
27
3
14
25
3
18
31
3
19
31
3
20
31
3
21
31
6
34
32
6
35
25
6
24
32
7
17
32
7
13
31
7
26
31
7
25
30
7
27
32
8
34
31
8
34
30
8
34
29
8
34
28
8
34
27
8
34
26
8
35
24
8
34
22
8
34
21
8
34
20
8
34
19
8
34
18
16
27
31
16
26
30
16
25
29
15
24
29
8
24
30
8
24
31
16
17
31
11
14
26
10
13
30
10
13
29
10
13
28
10
13
27
10
13
26
10
13
25
10
13
24
10
13
23
10
13
22
10
13
21
25
14
20
25
15
19
25
16
18
22
13
20
22
14
19
22
15
18
22
16
17
21
17
17
21
18
17
21
19
17
21
20
17
21
21
17
21
22
17
21
23
17
23
24
17
22
25
17
25
25
18
26
24
18
21
26
17
22
27
16
25
27
17
21
28
16
21
29
16
21
30
16
21
31
16
21
32
16
23
33
16
23
34
17
26
33
17
23
35
23
26
34
23
15
34
25
9
26
32
9
25
32
9
25
31
9
16
32
9
15
32
9
14
32
9
13
32
9
13
19
9
13
18
9
13
17
9
14
17
9
14
18
9
15
17
9
13
16
9
14
16
9
15
16
9
16
16
9
17
16
9
18
16
9
19
16
9
20
16
9
21
16
9
22
16
9
23
16
9
24
16
9
25
16
9
26
16
9
34
16
9
35
16
9
35
17
9
35
18
9
35
19
9
35
20
9
35
21
9
35
22
9
35
26
9
35
27
9
35
28
9
35
29
9
35
30
9
35
31
9
35
32
14
19
28
13
18
28
12
17
28
11
20
27
11
16
22
11
17
23
11
29
25
11
30
22
11
31
19
14
29
21
12
28
21
14
24
21
13
23
21
13
22
21
13
21
21
13
20
21
12
19
21
12
25
23
14
26
23
14
28
24
12
27
24
12
18
24
14
19
24
14
24
26
12
21
26
13
22
26
13
23
26
2
22
19