5
13
29
4
35
22
4
34
22
4
33
22
4
35
31
4
34
31
4
33
31
4
32
31
4
31
31
4
30
31
4
29
31
4
27
33
4
26
33
4
25
33
4
24
33
4
23
33
4
22
33
4
21
33
4
20
33
4
19
33
4
18
33
4
17
33
4
14
33
3
17
32
3
18
32
3
21
30
3
24
32
3
19
26
3
18
26
3
21
23
3
28
23
3
23
18
3
24
18
3
22
19
3
30
18
3
27
26
6
28
33
6
36
31
7
13
33
7
12
30
10
13
32
10
13
31
10
13
27
10
13
26
10
13
25
10
13
21
10
13
20
10
13
19
22
13
24
22
12
28
25
13
28
25
14
24
10
14
23
7
13
22
8
28
32
8
36
30
8
36
28
8
36
29
8
36
27
8
36
21
8
36
20
8
36
19
8
36
18
15
28
31
23
36
26
6
36
22
8
32
24
8
32
23
26
32
25
21
33
25
21
34
25
23
35
25
26
35
26
15
32
22
23
36
17
23
31
15
26
31
16
26
33
17
21
34
17
21
35
17
23
33
16
20
32
16
20
29
15
21
30
15
21
27
15
21
26
15
21
24
15
21
23
15
21
22
15
21
20
15
21
19
15
21
18
15
20
21
15
20
25
15
20
28
15
22
13
18
22
14
17
22
15
16
22
17
15
25
17
16
21
16
16
25
15
17
25
14
18
13
16
22
13
17
22
14
18
22
16
14
22
12
15
22
12
21
20
12
23
19
12
28
19
12
25
21
12
19
24
12
17
27
12
20
31
12
28
29
12
30
28
12
25
27
12
27
24
14
32
19
13
31
19
13
30
19
13
29
19
13
24
19
14
25
19
14
27
21
13
26
21
14
28
24
14
27
27
13
26
27
14
29
29
14
31
28
14
23
31
13
22
31
13
21
31
14
21
27
14
22
24
14
22
20
13
20
27
13
19
27
13
18
27
13
20
24
13
21
24
11
19
23
11
24
22
11
23
25
11
24
28
11
23
29
11
28
25
18
16
33
18
15
33
17
15
32
17
16
29
19
16
30
19
16
31
19
16
32
10
12
29
16
13
30
9
29
33
9
29
32
9
30
32
9
30
33
9
31
33
9
31
32
9
32
32
9
32
33
9
33
33
9
33
32
9
34
32
9
34
33
9
35
33
9
35
32
9
36
32
9
36
33
9
36
25
9
36
24
9
36
23
9
35
23
9
34
23
9
33
23
9
33
24
9
34
24
9
35
24
9
34
16
9
35
16
9
36
16
9
36
15
9
35
15
9
34
15
9
33
15
9
32
15
9
16
15
9
15
15
9
14
15
9
13
15
9
13
16
9
13
17
9
14
16
9
13
23
9
12
27
9
12
26
9
12
25
9
12
24
9
12
23
9
12
22
9
12
21
9
12
20
9
12
19
9
12
18
9
12
17
9
12
16
9
12
15
9
12
31
9
12
32
9
12
33
2
24
17