5
12
20
4
36
33
4
35
33
4
34
33
4
33
33
4
32
33
4
31
33
4
30
33
4
29
33
4
28
33
4
27
33
4
26
33
4
25
33
4
24
33
4
23
33
4
22
33
4
21
33
4
18
32
4
17
32
4
14
29
4
13
29
4
12
29
3
12
28
3
12
27
3
12
26
3
13
27
3
13
28
3
14
28
3
36
32
3
36
31
3
36
30
3
35
31
3
35
32
3
34
32
3
34
19
3
34
18
3
34
17
3
33
18
6
37
33
7
15
31
7
16
32
7
11
29
7
11
21
10
11
28
10
11
27
10
11
26
10
11
25
22
11
24
25
12
24
10
12
23
10
12
22
16
12
21
10
11
20
10
11
19
10
11
18
10
11
17
10
11
16
10
15
30
7
20
33
15
19
31
16
20
31
6
19
32
10
20
32
8
37
32
8
37
31
8
37
30
8
37
29
8
37
28
8
37
27
8
37
26
8
37
25
8
37
24
8
37
23
8
37
22
8
37
21
8
36
19
8
36
18
8
36
17
8
36
16
26
36
20
23
37
20
23
36
15
21
30
15
21
31
15
21
33
15
21
34
15
21
35
15
21
29
15
21
27
15
21
26
15
21
25
15
21
23
15
21
22
15
11
28
16
22
20
15
22
19
16
22
18
17
22
17
18
23
16
18
23
15
17
23
14
16
23
13
15
22
11
15
21
12
15
26
13
16
26
14
17
26
15
18
26
16
19
25
17
19
25
18
18
25
19
17
25
20
16
21
21
15
20
24
15
20
28
15
20
32
15
12
22
18
12
23
19
12
24
20
12
25
21
12
26
23
12
28
24
12
29
25
12
30
26
12
30
21
12
31
20
12
32
19
12
33
28
12
32
29
12
31
30
12
25
30
12
21
28
12
20
27
12
23
27
12
17
27
12
16
26
12
15
25
12
13
24
12
21
23
12
20
22
14
21
22
14
22
23
14
24
27
14
23
28
14
21
27
14
18
27
14
17
26
14
16
25
14
15
24
13
14
24
13
22
28
13
26
30
14
27
30
14
32
30
14
33
29
13
34
28
13
35
28
14
36
28
14
31
26
14
30
25
14
29
24
14
28
23
14
26
21
14
25
20
14
24
19
14
23
18
13
27
23
14
31
21
14
33
19
13
32
20
13
33
20
13
34
20
14
35
20
11
33
21
11
26
22
11
20
21
11
26
31
9
37
19
9
37
18
9
37
17
9
37
16
9
37
15
9
19
33
9
18
33
9
17
33
9
16
33
9
15
33
9
15
32
9
14
33
9
14
32
9
14
31
9
14
30
9
13
30
9
12
30
9
11
30
9
11
31
9
11
32
9
11
33
9
12
33
9
13
33
9
13
32
9
12
32
9
12
31
9
13
31
16
15
29
16
16
31
9
11
23
9
11
22
9
14
15
9
15
15
9
16
15
9
17
15
9
18
15
9
19
15
9
18
16
9
17
16
9
16
16
9
15
16
9
16
17
9
17
17
2
26
29