5
14
26
6
35
30
4
34
30
4
33
30
4
32
30
4
31
30
4
30
30
7
29
30
10
29
29
16
29
28
8
28
28
17
28
27
8
28
29
8
28
30
6
28
31
7
26
31
4
27
31
10
26
30
10
26
29
10
26
28
16
26
27
7
25
27
16
25
26
4
24
26
4
23
26
4
22
26
4
21
26
4
20
26
18
19
26
15
18
26
19
19
25
3
20
25
3
21
25
3
22
25
3
23
25
6
18
27
4
17
27
15
16
27
8
16
28
8
16
29
6
16
30
7
14
30
4
15
30
10
14
29
10
14
28
16
14
27
7
13
27
10
13
26
10
13
25
10
13
24
10
13
23
10
13
22
10
13
21
3
34
29
3
33
29
3
34
28
3
32
29
3
33
28
3
34
27
8
35
29
8
35
28
8
35
27
8
35
26
8
35
25
8
35
24
8
35
23
8
35
22
8
35
21
22
13
19
20
14
19
21
15
19
20
17
19
21
16
19
21
18
19
21
19
19
20
20
19
20
21
19
20
22
19
21
23
19
21
25
19
21
24
19
26
26
20
23
26
19
25
29
21
26
27
21
21
28
21
23
27
20
22
29
20
21
30
20
20
31
20
21
32
20
20
33
20
20
34
20
23
35
20
9
28
20
9
27
19
9
28
19
9
29
19
9
30
19
9
31
19
9
32
19
9
33
19
9
34
19
9
35
19
9
35
18
9
34
18
9
33
18
9
32
18
9
31
18
9
30
18
9
29
18
9
28
18
9
27
18
9
26
18
9
25
18
9
24
18
9
23
18
9
22
18
9
21
18
9
20
18
9
19
18
9
18
18
9
17
18
9
16
18
9
15
18
9
14
18
9
13
18
9
13
17
9
14
17
9
15
17
9
16
17
9
17
17
9
18
17
9
19
17
9
20
17
9
21
17
9
22
17
9
23
17
9
24
17
9
25
17
9
26
17
9
27
17
9
28
17
9
29
17
9
30
17
9
31
17
9
32
17
9
33
17
9
35
17
9
34
17
9
35
31
9
34
31
9
33
31
9
32
31
9
31
31
9
30
31
9
29
31
9
25
31
9
24
31
9
23
31
9
22
31
9
21
31
9
20
31
9
19
31
9
18
31
9
17
31
9
16
31
9
15
31
9
14
31
9
13
31
9
13
30
9
13
29
9
13
28
9
17
30
9
18
30
9
19
30
9
20
30
9
21
30
9
22
30
9
23
30
9
24
30
9
25
30
9
25
29
9
25
28
9
24
27
9
23
27
9
22
27
9
21
27
9
20
27
9
19
27
9
18
28
9
17
28
9
17
29
9
18
29
9
20
29
9
21
29
9
22
29
9
23
29
9
24
29
9
24
28
9
23
28
9
22
28
9
21
28
9
20
28
9
19
28
9
19
29
17
19
23
19
19
24
10
13
20
2
26
26