5
16
26
6
34
28
4
33
28
4
32
28
15
31
28
15
30
29
15
29
30
6
31
29
6
30
30
6
29
31
7
27
31
4
28
31
10
27
30
10
27
29
16
27
28
17
26
27
8
26
28
6
26
29
7
22
29
4
25
29
4
24
29
4
23
29
10
22
28
8
21
28
8
21
29
8
21
30
15
21
27
16
22
27
6
21
31
15
20
31
6
20
32
7
18
32
7
16
30
7
15
27
4
19
32
16
18
30
16
16
27
4
17
30
10
18
31
10
16
29
10
16
28
10
15
26
10
15
25
22
15
24
22
16
23
22
17
22
22
18
21
22
19
20
22
20
19
22
21
18
22
22
17
25
16
24
25
17
23
25
18
22
25
19
21
25
20
20
25
21
19
25
22
18
8
34
27
8
34
26
8
34
25
8
34
23
8
34
22
8
34
21
8
34
20
12
31
24
14
33
24
13
32
24
8
34
24
12
28
26
13
29
26
14
30
26
14
27
23
13
26
23
12
25
23
21
33
19
23
34
19
21
32
19
20
31
19
21
30
19
22
29
19
23
28
19
26
28
20
25
29
20
26
27
19
26
26
18
20
25
17
23
26
17
23
27
18
21
24
17
21
23
17
3
33
23
3
33
22
3
32
23
3
33
27
3
23
28
3
25
22
3
25
21
3
26
22
3
29
25
9
34
18
9
33
18
9
32
18
9
31
18
9
30
18
9
29
18
9
28
18
9
27
17
9
28
17
9
29
17
9
34
17
9
33
17
9
32
17
9
31
17
9
30
17
9
15
17
9
15
18
9
15
19
9
15
20
9
15
21
9
15
23
9
15
22
9
16
22
9
16
21
9
16
20
9
16
19
9
16
18
9
16
17
9
17
17
9
18
17
9
19
17
9
21
17
9
20
17
9
20
18
9
19
18
9
18
18
9
17
18
9
17
19
9
17
21
9
17
20
9
18
20
9
18
19
9
19
19
9
21
32
9
22
32
9
23
32
9
24
32
9
25
32
9
26
32
9
27
32
9
28
32
9
29
32
9
30
32
9
31
32
9
32
32
9
33
32
9
34
32
9
34
31
9
34
30
9
34
29
9
33
29
9
32
29
9
33
30
9
33
31
9
32
31
9
30
31
9
31
31
9
31
30
9
32
30
9
26
31
9
25
31
9
24
31
9
23
31
9
22
31
9
22
30
9
23
30
9
24
30
9
25
30
9
26
30
9
17
32
9
17
31
9
16
31
9
16
32
9
15
32
9
15
31
9
15
30
9
15
29
9
15
28
9
35
32
9
35
31
9
35
30
9
35
29
9
35
28
9
35
27
9
35
26
9
35
25
9
35
24
9
35
23
9
35
22
9
35
21
9
35
20
9
35
19
9
35
18
9
35
17
9
14
17
9
14
18
9
14
19
9
14
20
9
14
21
9
14
22
9
14
23
9
14
24
9
14
25
9
14
26
9
14
27
9
14
28
9
14
29
9
14
30
9
14
31
9
14
32
9
36
17
9
36
18
9
36
19
9
36
20
9
36
21
9
36
22
9
36
23
9
36
24
9
36
25
9
36
26
9
36
27
9
36
28
9
36
29
9
36
30
9
36
31
9
36
32
2
29
24