5
17
30
6
34
27
8
34
26
4
33
27
15
32
27
6
32
28
4
31
28
4
30
28
15
28
28
18
29
28
17
29
27
3
33
26
3
32
26
3
33
25
3
30
27
8
34
25
8
28
29
6
28
30
15
27
30
6
27
31
4
26
31
7
25
31
10
25
30
15
24
29
10
25
29
17
25
28
6
24
30
4
23
30
4
22
30
4
21
30
7
20
30
10
20
29
10
20
28
16
20
27
15
18
27
8
18
28
8
18
29
8
18
30
9
19
30
9
19
29
9
19
28
4
19
27
9
24
31
9
23
31
9
22
31
9
21
31
9
20
31
9
19
31
6
18
31
7
16
31
4
17
31
10
16
30
10
16
29
10
16
28
10
16
27
10
16
26
10
16
25
9
34
28
9
33
28
9
34
29
9
33
29
9
32
29
9
31
29
9
30
29
9
29
29
9
29
30
9
30
30
9
31
30
9
32
30
9
33
30
9
34
30
9
34
31
9
33
31
9
32
31
9
31
31
9
30
31
9
29
31
9
28
31
20
19
24
22
16
24
20
17
24
8
34
24
8
34
23
23
34
22
20
33
22
21
32
22
21
31
22
21
30
22
20
29
22
20
28
22
21
27
22
21
26
22
21
25
22
21
24
22
21
23
22
21
22
22
21
21
22
25
20
24
10
20
23
22
20
22
9
19
23
9
19
22
9
18
22
21
18
24
9
18
23
9
17
23
9
16
23
9
16
22
9
17
22
9
16
21
9
17
21
9
18
21
9
19
21
9
20
21
9
21
21
9
22
21
9
23
21
9
24
21
9
25
21
9
26
21
9
27
21
9
28
21
9
29
21
9
30
21
9
31
21
9
32
21
9
33
21
9
34
21
9
34
20
9
33
20
9
32
20
9
31
20
9
30
20
9
29
20
9
28
20
9
27
20
9
26
20
9
25
20
9
24
20
9
23
20
9
22
20
9
21
20
9
20
20
9
19
20
9
18
20
9
17
20
9
16
20
9
16
19
9
17
19
9
18
19
9
19
19
9
20
19
9
21
19
9
22
19
9
23
19
9
24
19
9
25
19
9
26
19
9
27
19
9
28
19
9
29
19
9
30
19
9
31
19
9
32
19
9
33
19
9
34
19
9
34
18
9
33
18
9
32
18
9
31
18
9
30
18
9
29
18
9
28
18
9
27
18
9
26
18
9
25
18
9
24
18
9
23
18
9
22
18
9
21
18
9
20
18
9
19
18
9
18
18
9
17
18
9
16
18
3
21
29
3
22
29
9
15
18
9
15
19
9
15
20
9
15
21
9
15
22
9
15
23
9
15
24
9
15
25
9
15
26
9
15
27
9
15
28
9
15
29
9
15
30
9
15
31
9
35
18
9
35
19
9
35
20
9
35
21
9
35
22
9
35
23
9
35
24
9
35
25
9
35
26
9
35
27
9
35
28
9
35
29
9
35
30
9
35
31
9
36
31
9
36
30
9
36
29
9
36
28
9
36
27
9
36
26
9
36
25
9
36
24
9
36
23
9
36
22
9
36
21
9
36
20
9
36
19
9
36
18
9
14
31
9
14
30
9
14
29
9
14
28
9
14
27
9
14
26
9
14
25
9
14
24
9
14
23
9
14
22
9
14
21
9
14
20
9
14
19
9
14
18
2
25
27