5
37
23
4
36
27
4
34
30
4
32
33
4
30
33
4
29
33
4
28
33
4
27
33
4
26
33
4
25
33
4
24
33
4
23
33
4
22
33
4
21
33
4
20
33
4
19
33
4
18
33
4
12
28
3
18
32
3
30
32
3
22
24
3
18
24
3
16
23
3
15
22
3
14
21
3
19
20
3
20
20
3
20
21
3
21
21
3
22
21
3
23
21
3
30
18
3
31
18
3
32
18
3
33
18
6
37
27
6
38
24
6
35
30
6
33
33
7
17
33
7
16
32
7
15
31
7
14
30
7
13
29
7
11
28
16
17
32
16
16
31
16
15
30
16
14
29
16
13
28
15
35
27
15
37
24
8
37
21
8
37
20
8
37
19
8
37
18
8
37
17
8
37
16
18
31
33
19
31
32
19
31
31
17
31
30
15
33
30
8
33
31
8
33
32
11
33
29
11
33
28
8
35
29
8
35
28
8
37
26
8
37
25
8
38
23
23
38
22
26
37
22
10
11
27
10
11
26
10
11
25
10
11
24
10
11
23
10
11
22
10
11
21
10
11
20
10
11
19
10
11
18
10
11
17
22
11
16
11
13
18
11
13
19
11
13
17
11
16
17
11
16
18
11
20
18
11
20
17
11
23
17
11
23
18
11
23
19
11
26
17
22
27
15
25
27
16
21
26
16
21
24
16
21
23
16
21
22
16
21
20
16
21
18
16
21
16
16
21
15
16
21
13
16
21
12
16
20
14
16
20
17
16
20
19
16
20
21
16
20
25
16
20
35
15
20
31
15
20
29
15
21
28
15
21
30
15
21
32
15
21
33
15
21
34
15
21
36
15
23
37
15
11
34
16
11
31
16
11
29
18
11
26
20
11
25
23
11
27
25
11
32
24
11
32
25
11
34
24
11
34
23
11
29
27
11
29
26
11
29
25
11
26
28
11
26
29
11
24
28
11
22
27
11
20
28
11
20
27
11
20
26
11
18
26
11
18
27
11
18
28
11
16
26
11
16
25
11
14
24
11
17
21
11
19
21
11
14
22
12
14
23
12
16
24
12
18
25
12
21
31
12
25
27
12
22
26
12
28
24
14
29
24
14
32
23
12
31
23
12
32
22
13
33
22
14
34
22
14
34
19
13
33
19
13
32
19
13
31
19
12
30
19
14
28
21
12
27
21
14
24
22
13
23
22
13
22
22
13
21
22
13
20
22
12
19
22
14
17
24
14
15
23
13
19
25
13
20
25
13
21
25
14
22
25
14
23
26
14
26
27
14
24
31
13
23
31
13
22
31
9
26
15
9
25
15
9
24
15
9
23
15
9
22
15
9
21
15
9
20
15
9
19
15
9
18
15
9
17
15
9
16
15
9
15
15
9
14
15
9
13
15
9
12
15
9
11
15
9
11
29
9
11
30
9
11
31
9
11
32
9
11
33
9
12
33
9
13
33
9
14
33
9
15
33
9
16
33
9
15
32
9
14
32
9
13
32
9
12
32
9
12
31
9
12
30
9
12
29
9
13
30
9
13
31
9
14
31
9
34
33
9
35
33
9
36
33
9
37
33
9
38
33
9
38
32
9
38
31
9
38
30
9
38
29
9
38
28
9
38
27
9
38
25
9
38
26
9
37
28
9
36
28
9
36
29
9
37
29
9
37
30
9
36
30
9
36
31
9
35
31
9
34
31
9
34
32
9
35
32
9
36
32
9
37
32
9
37
31
9
38
21
9
38
20
9
38
19
9
38
18
9
38
17
9
38
16
9
38
15
2
29
17