5
15
22
6
34
25
4
33
25
15
32
25
3
32
24
3
33
24
6
32
28
7
30
28
8
32
27
8
32
26
4
31
28
16
30
27
4
29
27
4
28
27
8
26
27
6
26
28
17
26
25
19
26
26
4
25
28
8
24
29
15
24
28
6
24
30
7
20
31
6
22
31
15
22
30
4
23
30
4
21
31
16
20
30
7
19
30
10
19
29
16
19
28
4
18
28
4
17
28
4
16
28
7
15
28
3
28
26
3
29
26
3
30
26
3
29
25
3
23
29
3
19
27
3
18
27
3
17
27
3
16
27
3
16
26
3
17
26
3
18
26
3
17
25
3
16
25
10
15
27
10
15
26
10
15
25
10
15
24
16
15
23
7
14
23
10
14
22
22
14
21
25
15
21
10
15
20
21
16
19
21
17
19
23
18
19
26
18
20
21
19
20
20
20
20
21
21
20
21
22
20
21
23
20
21
24
20
20
25
20
20
26
20
21
27
20
21
28
20
21
29
20
21
30
20
8
34
24
8
34
23
8
34
22
8
34
21
8
34
20
23
34
19
25
31
20
22
31
19
21
32
19
20
33
19
9
19
31
9
18
31
9
17
31
9
17
30
9
18
30
9
18
29
9
17
29
9
16
29
9
15
29
9
15
31
9
16
31
9
16
30
9
15
30
9
14
31
9
14
30
9
14
29
9
14
28
9
14
27
9
14
26
9
14
24
9
14
25
9
14
20
9
14
19
22
15
19
9
19
19
9
20
19
9
21
19
9
22
19
9
23
19
9
24
19
9
25
19
9
26
19
9
27
19
9
28
19
9
29
19
9
30
19
9
30
31
9
29
31
9
28
31
9
27
31
9
26
31
9
24
31
9
23
31
9
25
31
9
25
30
9
25
29
9
26
29
9
27
29
9
27
28
9
28
28
9
29
28
9
29
29
9
28
29
9
27
30
9
26
30
9
28
30
9
29
30
9
30
30
9
30
29
9
31
29
9
32
29
9
34
29
9
34
28
9
34
27
9
34
26
9
33
26
9
33
27
9
33
28
9
33
29
9
33
31
9
34
31
9
34
30
9
33
30
9
31
30
9
31
31
9
32
31
9
32
30
4
27
27
9
14
18
9
15
18
9
16
18
9
17
18
9
18
18
9
19
18
9
20
18
9
21
18
9
22
18
9
23
18
9
24
18
9
25
18
9
26
18
9
27
18
9
28
18
9
29
18
9
30
18
9
31
18
9
32
18
9
33
18
9
34
18
9
35
31
9
35
30
9
35
29
9
35
28
9
35
27
9
35
26
9
35
25
9
35
24
9
35
23
9
35
22
9
35
21
9
35
20
9
35
19
9
35
18
9
13
18
9
13
19
9
13
20
9
13
21
9
13
22
9
13
23
9
13
24
9
13
25
9
13
26
9
13
27
9
13
28
9
13
29
9
13
30
9
13
31
2
27
26