5
25
24
4
12
30
4
13
30
4
14
30
4
15
30
4
16
30
4
17
30
4
18
30
4
22
33
4
23
33
4
24
33
4
25
33
4
26
33
4
27
33
4
28
33
4
29
33
4
30
33
4
31
33
4
35
30
4
36
30
4
37
30
3
36
18
3
35
18
3
36
17
3
30
18
3
14
18
3
14
17
3
15
18
3
21
18
3
25
19
3
26
19
3
26
18
3
30
24
3
31
24
3
31
29
3
36
29
3
36
28
3
12
29
7
11
30
7
19
31
7
20
32
7
21
33
6
32
33
6
33
32
6
34
31
6
38
30
8
38
29
8
38
28
8
38
27
8
38
26
8
38
25
8
38
24
8
38
23
8
38
22
8
38
21
8
38
20
8
38
19
8
38
18
8
38
17
8
38
16
10
11
16
10
11
17
10
11
18
10
11
19
10
11
20
10
11
21
10
11
22
10
11
23
10
11
24
10
11
25
10
11
26
10
11
27
10
11
28
10
11
29
16
19
30
16
20
31
16
21
32
15
32
32
15
33
31
15
34
30
11
20
27
11
23
27
11
23
28
11
23
30
11
25
28
11
25
27
11
25
25
11
28
28
11
31
30
11
33
26
11
34
23
11
33
22
11
32
21
11
31
20
11
28
22
11
27
21
11
25
21
11
23
21
11
22
22
11
16
23
11
17
22
11
18
21
11
19
20
12
20
19
12
24
20
12
29
19
12
34
19
12
30
25
12
24
26
12
23
29
12
13
19
14
16
19
14
21
19
14
26
20
14
30
19
14
32
25
14
36
19
14
25
26
14
24
29
14
30
31
14
28
30
14
28
29
12
27
30
12
27
29
12
27
31
13
28
31
13
29
31
13
31
25
13
25
20
13
35
19
13
15
19
13
14
19
21
33
15
21
34
15
21
36
15
21
37
15
21
31
15
21
29
15
21
28
15
21
26
15
21
24
15
21
22
15
21
21
15
21
19
15
21
17
15
21
16
15
21
14
15
21
13
15
21
12
15
22
11
15
20
15
15
20
18
15
20
20
15
20
23
15
20
25
15
20
27
15
20
30
15
20
32
15
20
35
15
23
38
15
9
38
31
9
37
31
9
36
31
9
35
31
9
34
32
9
35
32
9
36
32
9
37
32
9
38
32
9
37
33
9
38
33
9
36
33
9
35
33
9
34
33
9
33
33
9
20
33
9
19
33
9
18
33
9
17
33
9
16
33
9
15
33
9
14
33
9
13
33
9
12
33
9
11
33
9
11
32
9
11
31
9
12
31
9
13
31
9
14
31
9
15
31
9
16
31
9
17
31
9
18
31
9
19
32
9
18
32
9
17
32
9
16
32
9
15
32
9
14
32
9
13
32
9
12
32
2
14
16