5
35
21
4
36
32
4
35
32
4
34
32
4
33
32
4
32
32
4
31
32
4
30
32
4
29
32
4
28
32
4
27
32
4
26
32
4
25
32
4
24
32
4
23
32
4
22
32
4
21
32
4
20
32
4
19
32
4
18
32
4
17
32
4
16
32
4
15
32
4
14
32
4
13
32
4
12
32
7
11
32
10
11
31
10
11
30
10
11
29
10
11
28
22
11
26
10
11
27
25
12
26
10
12
25
22
12
24
25
13
24
10
13
23
4
12
21
7
11
21
16
14
21
4
13
21
7
14
22
9
13
22
14
15
22
10
11
20
10
11
19
10
11
18
10
11
17
22
11
16
20
13
16
21
14
16
21
12
16
26
15
17
26
16
18
26
17
19
23
15
16
23
16
17
23
17
18
21
18
19
25
19
19
25
20
18
25
21
17
21
22
16
22
21
16
22
20
17
22
19
18
21
23
16
21
24
16
21
25
16
23
26
16
8
26
17
26
26
19
8
26
18
25
27
18
22
27
17
25
28
17
22
28
16
9
27
16
21
29
16
21
30
16
21
31
16
21
32
16
21
33
16
21
34
16
21
35
16
6
37
32
8
37
31
8
37
30
8
37
29
8
37
28
8
37
27
8
37
26
8
37
25
8
37
24
8
37
23
8
37
22
8
37
21
8
37
20
8
37
19
8
37
18
26
36
17
23
36
16
23
37
17
11
35
22
14
24
20
14
23
21
3
12
20
3
12
19
3
13
20
11
20
23
11
21
24
11
22
25
11
19
24
11
19
26
11
20
27
11
21
26
12
16
25
13
17
25
14
18
25
12
15
30
13
16
30
14
17
30
12
23
29
13
24
29
14
25
29
14
36
27
13
35
27
13
34
27
13
33
27
12
32
27
12
28
22
12
28
26
11
31
20
14
29
22
14
29
26
11
27
25
11
26
24
11
27
23
11
30
23
11
30
24
11
30
25
12
22
21
12
23
20
11
24
19
11
34
21
11
34
22
11
34
20
13
33
19
12
32
19
14
34
19
9
11
25
9
11
24
9
11
23
9
11
22
9
12
22
9
12
23
9
20
16
9
19
16
9
18
16
9
16
16
9
17
16
9
17
17
9
18
17
9
18
18
9
19
17
9
37
16
3
36
31
3
36
30
3
36
29
3
35
30
3
35
31
3
34
31
3
28
31
3
20
31
3
16
29
3
24
28
3
18
24
3
18
23
3
36
25
3
36
26
3
35
26
2
31
31