5
21
26
4
15
32
4
18
32
4
20
33
4
21
33
4
22
33
4
23
33
4
24
33
4
25
33
4
26
33
4
28
32
4
29
32
4
30
32
4
33
33
3
34
18
3
33
18
3
28
17
3
27
17
3
26
17
3
25
17
3
21
17
3
20
17
3
19
17
3
18
17
3
14
17
3
15
17
3
14
21
3
32
29
3
32
21
3
30
20
3
34
21
6
27
33
6
34
33
7
19
33
7
32
33
6
35
31
15
27
32
16
19
32
16
14
30
7
14
32
10
14
31
10
13
29
10
13
28
10
13
27
10
13
26
10
13
25
11
14
22
11
14
23
11
14
24
10
13
24
10
13
23
10
13
22
10
13
21
10
13
20
10
13
19
10
13
18
10
13
17
10
13
16
8
35
29
8
35
30
8
35
28
8
35
27
8
34
25
8
34
24
8
34
23
15
34
22
6
35
22
8
35
21
8
35
20
8
35
19
8
35
18
8
35
17
8
35
16
23
35
26
26
34
26
15
34
31
8
34
32
17
31
30
19
31
31
18
31
32
16
32
32
11
32
30
11
32
31
11
26
28
11
29
27
11
21
27
11
32
25
11
32
24
11
32
23
11
16
23
11
16
24
11
16
19
11
25
19
11
27
19
12
32
19
12
24
18
12
18
18
12
14
18
12
16
22
12
18
21
12
21
28
12
21
29
12
28
28
12
31
26
12
30
22
14
32
22
14
30
21
14
29
28
14
26
29
14
22
28
14
18
22
14
16
18
14
22
18
14
29
18
14
34
19
13
33
19
13
28
18
13
27
18
13
26
18
13
25
18
13
21
18
13
20
18
13
19
18
13
15
18
13
17
22
13
19
21
13
20
21
13
21
21
13
22
21
13
23
21
13
24
21
13
25
21
13
26
21
13
27
21
13
28
21
13
29
21
13
31
22
14
32
26
13
25
29
13
24
29
13
23
29
13
22
29
17
16
29
17
17
29
18
17
32
18
16
32
19
16
31
19
16
30
19
17
30
19
17
31
7
13
30
9
13
31
9
13
32
9
13
33
9
14
33
9
15
33
9
16
33
9
17
33
9
18
33
9
28
33
9
29
33
9
30
33
9
31
33
9
35
33
9
35
32
9
35
25
9
35
24
9
35
23
23
35
15
21
34
15
21
33
15
21
31
15
21
30
15
21
29
15
21
27
15
21
26
15
21
25
15
21
24
15
21
22
15
21
21
15
21
19
15
21
18
15
21
16
15
21
15
15
21
14
15
22
13
15
20
17
15
20
20
15
20
23
15
20
28
15
20
32
15
2
22
17