5
19
31
7
21
38
4
22
38
4
23
38
4
24
38
4
25
38
9
27
38
9
28
38
9
29
38
9
30
38
9
31
38
9
32
38
9
33
38
9
34
38
9
35
38
9
37
38
9
36
38
9
20
38
9
19
38
6
26
38
9
18
38
9
40
38
9
38
38
9
39
38
9
17
38
9
16
38
10
21
37
9
30
37
9
31
37
9
32
37
9
33
37
9
34
37
9
35
37
9
36
37
9
37
37
9
19
37
9
20
37
4
27
37
9
29
37
6
28
37
15
26
37
9
38
37
9
18
37
9
40
37
9
39
37
9
17
37
9
16
37
10
21
36
9
19
36
9
20
36
15
28
36
9
31
36
9
32
36
9
33
36
9
34
36
9
35
36
9
37
36
9
36
36
4
29
36
6
30
36
9
38
36
9
18
36
9
40
36
9
39
36
9
17
36
9
16
36
11
28
35
10
21
35
9
19
35
9
20
35
15
30
35
4
31
35
4
32
35
4
33
35
4
34
35
4
35
35
4
36
35
6
37
35
9
38
35
9
18
35
9
40
35
9
39
35
9
17
35
9
16
35
11
23
35
16
21
34
4
20
34
7
19
34
8
37
34
9
38
34
9
18
34
9
40
34
9
39
34
9
17
34
9
16
34
10
19
33
8
37
33
9
38
33
9
18
33
9
40
33
9
39
33
9
17
33
9
16
33
15
37
32
6
38
32
9
39
32
9
40
32
9
17
32
9
16
32
16
19
32
7
18
32
9
16
31
8
38
31
9
39
31
9
40
31
16
18
31
7
17
31
9
40
30
9
39
30
8
38
30
10
17
30
9
16
30
8
38
29
9
39
29
9
40
29
10
17
29
9
16
29
8
38
28
9
40
28
9
39
28
10
17
28
9
16
28
8
38
27
9
39
27
9
40
27
10
17
27
9
16
27
8
38
26
9
40
26
9
39
26
10
17
26
9
16
26
8
38
25
9
39
25
9
40
25
10
17
25
9
16
25
21
37
24
23
38
24
9
40
24
9
39
24
9
16
24
20
18
24
22
17
24
20
19
24
20
20
24
20
22
24
20
23
24
20
24
24
21
25
24
21
26
24
21
21
24
20
27
24
20
28
24
21
29
24
20
30
24
21
31
24
21
32
24
21
33
24
20
34
24
21
35
24
21
36
24
3
22
37
3
23
37
3
30
34
3
31
34
3
35
34
3
36
34
3
33
34
3
37
31
2
32
34