5
25
27
4
35
31
4
34
31
4
32
32
4
31
32
4
29
32
4
28
32
4
27
32
4
24
33
4
23
33
4
22
33
4
21
33
4
20
33
4
19
33
4
18
33
4
17
33
4
16
33
4
15
33
3
35
30
3
35
29
3
34
30
3
32
31
3
29
31
3
24
32
3
15
32
3
14
31
3
13
30
3
12
29
3
29
25
3
34
24
3
34
23
3
33
24
3
30
20
3
23
18
3
22
18
3
21
18
3
20
18
6
33
32
6
36
31
6
37
30
7
14
33
7
13
32
7
12
31
7
11
30
16
12
30
16
13
31
16
14
32
6
26
33
4
25
33
15
26
32
15
33
31
15
36
30
18
30
32
17
30
31
8
37
29
8
37
28
8
37
27
8
37
26
8
37
25
8
37
24
8
37
23
8
37
22
8
37
21
8
37
20
8
37
19
10
14
25
10
14
24
10
14
23
10
14
22
10
14
21
10
14
20
10
11
29
10
11
28
22
11
27
25
12
27
22
12
26
25
14
26
21
13
26
22
14
19
22
15
18
22
16
17
22
17
16
22
18
15
25
15
19
25
16
18
25
17
17
25
18
16
23
25
15
22
26
15
20
24
15
20
20
15
21
21
15
21
22
15
21
23
15
21
19
15
21
27
15
21
28
15
21
29
15
21
30
15
21
31
15
21
32
15
21
33
15
23
34
15
23
35
16
23
36
17
23
37
18
26
36
18
26
35
17
26
34
16
26
25
17
25
26
16
8
25
16
12
24
26
12
23
27
12
22
28
12
24
29
12
27
27
12
30
25
12
27
23
12
28
22
12
29
21
12
18
20
12
19
19
12
16
23
14
19
23
14
20
26
12
19
26
12
18
31
13
19
31
13
20
31
13
21
31
14
22
31
14
25
29
14
25
28
13
24
28
13
23
28
14
24
27
13
25
26
13
26
26
13
27
26
13
28
26
13
29
26
13
30
26
13
31
26
13
32
26
13
33
26
13
34
26
14
35
26
14
35
25
13
34
25
13
33
25
13
32
25
13
31
25
14
28
23
14
29
22
14
30
21
14
26
21
12
25
21
14
25
20
12
24
20
14
24
19
13
23
19
13
22
19
13
21
19
13
20
19
14
19
20
13
18
23
13
17
23
11
18
27
11
17
28
11
16
29
11
21
25
11
22
24
11
23
23
11
24
22
14
28
27
11
27
30
11
30
29
11
32
29
11
35
24
11
35
23
11
35
22
11
35
21
9
13
33
9
12
33
9
11
33
9
11
32
9
12
32
9
11
31
9
11
26
9
11
25
9
11
24
9
11
23
9
11
21
9
11
22
9
12
22
9
12
23
9
12
24
9
12
25
9
13
25
9
13
24
9
13
23
9
13
22
9
13
21
9
13
20
9
12
21
9
12
20
9
11
20
9
11
19
9
12
19
9
13
19
9
14
18
9
13
18
9
12
18
9
11
18
9
11
17
9
12
17
9
13
17
9
14
17
9
15
17
9
16
16
9
15
16
9
14
16
9
13
16
9
12
16
9
11
16
9
11
15
9
12
15
9
13
15
9
14
15
9
15
15
9
16
15
9
17
15
9
35
15
9
36
15
9
37
15
9
37
16
9
37
17
9
36
16
9
37
31
9
37
32
9
36
32
9
35
32
9
34
32
9
37
33
9
36
33
9
35
33
9
34
33
9
33
33
9
32
33
9
31
33
9
30
33
9
29
33
9
28
33
9
27
33
2
24
31