5
14
27
6
36
25
15
34
25
4
35
25
3
34
24
3
35
24
3
35
23
8
36
24
8
36
23
8
36
22
8
36
21
8
34
26
6
34
27
4
33
27
4
32
27
4
31
27
17
30
26
8
30
27
6
30
28
4
29
28
15
28
28
8
28
29
6
28
30
4
27
30
4
26
30
4
24
30
4
22
30
4
21
30
4
20
30
17
19
26
19
19
27
19
19
28
19
19
29
8
19
30
6
19
31
7
17
31
4
18
31
10
17
30
10
17
29
16
17
28
4
16
28
4
15
28
4
14
28
7
13
28
10
13
27
22
13
26
10
14
25
25
14
26
18
25
30
18
23
30
3
21
29
3
21
28
3
21
27
3
25
28
3
26
29
17
25
29
17
23
29
23
36
20
21
35
20
20
34
20
20
33
20
20
32
20
20
31
20
21
30
20
21
29
20
21
28
20
21
27
20
22
14
20
10
14
21
10
14
22
10
14
23
10
14
24
22
26
20
25
26
21
21
25
21
20
24
21
21
23
21
23
22
20
26
22
21
21
21
20
21
19
20
21
18
20
21
16
20
21
15
20
20
17
20
20
20
20
9
23
20
9
24
20
9
25
20
9
35
26
9
36
26
9
36
27
9
35
27
9
36
28
9
35
28
9
35
29
9
36
29
9
36
30
9
35
30
9
36
31
9
35
31
9
34
31
9
33
31
9
32
31
9
31
31
9
30
31
9
29
31
9
28
31
9
27
31
9
26
31
9
25
31
9
24
31
9
23
31
9
22
31
9
21
31
9
20
31
9
29
30
9
29
29
9
30
29
9
30
30
9
31
30
9
31
29
9
31
28
9
32
28
9
33
28
9
34
28
9
34
29
9
33
29
9
32
29
9
32
30
9
33
30
9
34
30
9
36
19
9
36
18
9
35
18
9
35
19
9
34
19
9
34
18
9
33
18
9
33
19
9
32
19
9
32
18
9
31
18
9
31
19
9
30
19
9
30
18
9
29
18
9
29
19
9
28
19
9
28
18
9
27
18
9
27
19
9
26
19
9
26
18
9
25
19
9
25
18
9
24
19
9
24
18
9
23
18
9
23
19
9
22
19
9
22
18
9
21
18
9
21
19
9
20
19
9
20
18
9
19
18
9
19
19
9
18
19
9
18
18
9
17
18
9
17
19
9
16
19
9
16
18
9
15
18
9
15
19
9
14
19
9
14
18
9
13
18
9
13
19
9
13
20
9
13
21
9
13
22
9
13
25
9
13
24
9
13
23
9
13
31
9
14
31
9
15
31
9
16
31
9
16
30
9
16
29
9
15
29
9
14
29
9
13
29
9
14
30
9
15
30
9
13
30
2
30
25