5
12
25
4
14
31
4
16
33
4
17
33
4
18
33
4
19
33
4
20
33
4
21
33
4
22
33
4
23
33
4
26
33
4
27
33
4
28
33
4
29
33
4
30
33
4
32
32
4
35
30
4
36
30
4
37
30
3
14
30
3
20
28
3
19
32
3
20
32
3
25
30
3
25
24
3
24
23
3
23
22
3
28
23
3
29
23
3
29
22
3
22
18
3
23
18
3
24
18
3
25
18
6
38
30
6
34
31
6
33
32
6
31
33
7
13
31
7
12
30
7
11
26
7
15
33
15
33
31
15
31
32
16
15
31
16
13
30
16
12
26
15
34
30
17
25
31
17
24
32
18
25
33
18
24
33
19
25
32
10
12
28
10
12
27
10
15
32
8
38
29
8
38
28
8
38
27
8
38
26
23
38
25
26
37
25
23
37
24
21
36
24
26
34
24
8
34
23
8
34
22
8
34
21
8
34
20
8
34
19
8
34
18
8
34
17
8
34
16
23
34
15
21
33
15
21
31
15
21
30
15
21
29
15
21
27
15
21
25
15
21
24
15
21
22
15
21
21
15
21
20
15
22
19
15
25
19
16
25
18
19
25
17
21
25
12
24
25
15
23
25
16
22
22
17
19
22
18
16
22
16
21
22
15
22
22
12
23
22
11
24
10
11
25
10
17
20
10
18
18
10
18
17
21
13
23
21
14
23
21
35
24
11
35
25
11
14
24
20
23
15
20
28
15
20
32
15
20
26
15
12
20
19
12
18
25
12
19
29
12
17
30
12
27
29
12
28
24
13
29
24
13
28
29
13
29
29
13
30
29
13
20
29
13
21
29
13
22
29
13
21
19
13
22
19
13
23
19
13
24
19
13
25
19
13
26
19
13
27
19
12
31
18
14
32
18
14
28
19
14
30
24
14
26
25
12
25
25
14
19
25
14
23
29
14
31
29
14
18
30
11
19
28
11
19
27
11
19
26
11
16
29
11
17
31
11
14
28
11
27
26
11
24
24
11
23
23
11
22
22
11
30
22
11
30
21
11
29
20
9
35
31
9
34
32
9
33
33
9
32
33
9
34
33
9
35
33
9
36
33
9
37
33
9
38
33
9
38
32
9
38
31
9
37
31
9
36
31
9
35
32
9
36
32
9
37
32
9
38
34
9
37
34
9
36
34
9
35
34
9
34
34
9
33
34
9
32
34
9
31
34
9
30
34
9
29
34
9
28
34
9
27
34
9
26
34
9
25
34
9
24
34
9
23
34
9
22
34
9
21
34
9
20
34
9
19
34
9
18
34
9
17
34
9
15
34
9
16
34
9
14
34
9
13
34
9
12
34
9
11
34
9
14
33
9
14
32
9
13
32
9
13
33
9
12
33
9
11
33
9
12
32
9
12
31
9
11
32
10
12
29
9
11
31
9
11
30
9
11
29
9
11
28
9
11
27
9
11
23
9
11
22
9
12
22
9
13
22
9
14
22
9
11
21
9
12
21
9
13
21
9
14
21
9
15
21
9
16
20
9
15
20
9
14
20
9
13
20
9
12
20
9
11
20
9
11
19
9
12
19
9
13
19
9
14
19
9
15
19
9
16
19
9
17
18
9
16
18
9
15
18
9
14
18
9
13
18
9
12
18
9
11
18
9
11
17
9
12
17
9
13
17
9
14
17
9
15
17
9
16
17
9
17
17
9
17
16
9
16
16
9
15
16
9
14
16
9
13
16
9
12
16
9
11
16
9
11
15
9
12
15
9
13
15
9
14
15
9
15
15
9
16
15
9
17
15
9
18
15
9
35
15
9
35
16
9
35
17
9
35
18
9
35
19
9
35
20
9
35
21
9
35
22
9
35
23
9
36
23
9
36
22
9
36
21
9
36
20
9
36
19
9
36
18
9
36
17
9
36
16
9
36
15
9
37
15
9
37
16
9
37
17
9
37
18
9
37
19
9
37
20
9
37
21
9
37
22
9
38
24
9
37
23
9
38
23
9
38
22
9
38
21
9
38
20
9
38
19
9
38
18
9
38
17
9
38
16
9
38
15
2
23
17