5
31
26
4
27
33
4
28
33
4
29
33
4
30
33
7
26
33
6
31
33
9
32
33
9
25
33
9
24
33
9
23
33
9
22
33
9
21
33
9
18
33
9
19
33
9
20
33
9
17
33
9
16
33
9
15
33
9
33
33
9
34
33
9
35
33
9
36
33
9
13
33
9
14
33
8
31
32
7
25
32
9
32
32
9
23
32
9
24
32
9
22
32
9
21
32
9
18
32
9
20
32
9
19
32
9
17
32
9
15
32
9
16
32
9
33
32
16
26
32
9
36
32
9
35
32
9
34
32
9
14
32
9
13
32
8
31
31
7
24
31
9
32
31
9
21
31
9
22
31
9
23
31
9
18
31
9
19
31
9
20
31
9
17
31
9
15
31
9
16
31
9
33
31
16
25
31
9
36
31
9
34
31
9
35
31
9
13
31
9
14
31
8
31
30
7
23
30
9
32
30
9
21
30
9
22
30
9
18
30
9
20
30
9
19
30
9
17
30
9
15
30
9
16
30
9
33
30
16
24
30
9
36
30
9
34
30
9
35
30
9
14
30
9
13
30
8
31
29
7
22
29
9
32
29
9
18
29
9
19
29
9
20
29
9
17
29
9
16
29
9
15
29
9
33
29
11
28
29
11
29
29
16
23
29
9
36
29
9
34
29
9
35
29
9
13
29
9
14
29
9
21
29
8
31
28
4
21
28
7
20
28
9
32
28
9
19
28
9
18
28
9
17
28
9
15
28
9
16
28
9
33
28
16
22
28
9
36
28
9
34
28
9
35
28
9
13
28
9
14
28
7
18
27
4
19
27
6
32
27
9
17
27
9
16
27
9
15
27
9
33
27
15
31
27
9
36
27
9
34
27
9
35
27
9
14
27
9
13
27
16
20
27
8
32
26
9
17
26
9
15
26
9
16
26
9
33
26
11
25
26
11
26
26
11
27
26
9
36
26
9
34
26
9
35
26
9
13
26
9
14
26
10
18
26
4
17
25
9
15
25
9
33
25
8
32
25
7
16
25
9
36
25
9
34
25
9
35
25
9
14
25
9
13
25
16
18
25
9
33
24
10
16
24
8
32
24
11
22
24
9
36
24
9
34
24
9
35
24
9
13
24
9
15
24
9
14
24
9
33
23
9
15
23
10
16
23
8
32
23
11
23
23
9
36
23
9
34
23
9
35
23
9
14
23
9
13
23
9
33
22
9
15
22
10
16
22
8
32
22
11
24
22
9
36
22
9
34
22
9
35
22
9
13
22
9
14
22
9
33
21
9
15
21
10
16
21
8
32
21
9
36
21
9
34
21
9
35
21
9
14
21
9
13
21
9
33
20
9
15
20
10
16
20
8
32
20
9
36
20
9
34
20
9
35
20
9
13
20
9
14
20
9
33
19
9
15
19
22
16
19
23
32
19
20
28
19
20
19
19
20
17
19
21
18
19
21
20
19
21
21
19
21
29
19
21
30
19
21
31
19
9
36
19
9
35
19
9
34
19
9
14
19
9
13
19
26
27
19
25
22
19
9
14
18
9
13
18
9
15
18
9
16
18
9
17
18
9
18
18
9
20
18
9
19
18
9
21
18
9
28
18
9
29
18
9
30
18
9
31
18
9
32
18
9
33
18
9
34
18
9
35
18
9
36
18
22
22
18
23
27
18
20
23
18
20
26
18
20
25
18
21
24
18
9
36
17
9
35
17
9
34
17
9
33
17
9
32
17
9
31
17
9
30
17
9
29
17
9
28
17
9
27
17
9
26
17
9
25
17
9
24
17
9
23
17
9
22
17
9
21
17
9
20
17
9
19
17
9
18
17
9
17
17
9
16
17
9
15
17
9
14
17
9
13
17
3
30
32
3
29
32
3
26
31
3
30
31
3
23
28
3
28
28
3
26
25
3
27
25
3
18
24
3
17
24
3
22
23
3
23
22
2
26
24