5
25
15
13
19
19
13
20
19
13
21
19
13
22
19
13
23
19
13
26
22
13
27
22
13
28
22
13
23
25
13
22
25
13
30
25
13
31
25
13
32
25
13
33
25
13
34
19
13
35
19
13
37
23
13
38
23
13
35
28
13
34
28
13
25
28
13
24
28
13
17
28
13
18
28
13
19
28
13
16
28
13
30
30
13
29
30
3
35
27
3
25
27
3
30
29
3
17
27
3
32
24
3
31
24
3
23
24
3
22
24
3
27
21
3
26
21
3
28
21
3
35
18
3
37
22
3
20
18
3
21
18
4
39
34
3
19
18
3
22
18
3
34
18
3
33
18
3
16
33
3
17
33
3
39
33
3
29
33
3
21
33
3
20
33
3
30
33
3
38
33
3
15
33
4
33
34
4
34
34
4
35
34
4
36
34
4
37
34
4
38
34
4
32
34
4
31
34
4
30
34
4
29
34
4
28
34
4
27
34
4
26
34
4
25
34
4
24
34
4
23
34
4
22
34
4
21
34
4
20
34
4
19
34
4
18
34
4
17
34
4
16
34
4
15
34
7
14
34
6
40
34
8
40
33
8
40
32
8
40
31
8
40
30
8
40
29
8
40
28
8
40
27
8
40
26
8
40
25
8
40
24
8
40
23
8
40
22
8
40
21
8
40
20
8
40
19
8
40
18
8
40
17
8
40
16
8
40
15
8
40
14
8
40
13
23
40
12
10
14
33
10
14
32
10
14
31
10
14
30
10
14
29
10
14
28
10
14
27
10
14
26
10
14
25
10
14
24
10
14
23
10
14
22
10
14
21
10
14
20
10
14
19
10
14
18
10
14
17
10
14
16
10
14
15
10
14
14
10
14
13
22
14
12
20
15
12
21
16
12
21
17
12
21
18
12
20
19
12
20
21
12
21
20
12
21
22
12
21
23
12
21
24
12
21
25
12
21
26
12
20
27
12
20
28
12
21
29
12
21
30
12
21
31
12
21
32
12
20
33
12
21
35
12
21
34
12
21
36
12
21
37
12
21
38
12
20
39
12
12
21
30
14
22
30
14
20
28
14
24
25
14
26
28
14
31
30
14
33
31
14
36
28
14
34
25
14
29
22
14
24
19
14
36
19
14
39
23
14
32
16
13
31
16
13
30
16
13
29
16
13
28
16
13
27
16
13
26
16
13
25
16
13
24
16
13
23
16
11
22
15
12
18
19
12
25
22
12
29
25
12
21
25
12
23
28
12
28
30
12
33
28
12
36
23
12
33
19
12
22
16
11
27
31
12
31
31
13
32
31
12
15
28
2
27
33