5
35
24
4
31
31
4
28
33
4
27
33
4
26
33
4
25
33
4
24
33
4
23
33
4
15
26
4
14
26
4
13
26
3
25
20
3
26
20
3
27
20
3
21
18
3
20
18
3
20
17
3
19
21
3
18
21
3
17
22
3
30
17
3
27
26
3
28
26
6
29
33
6
30
32
6
32
31
6
33
30
6
34
28
6
35
27
6
36
25
7
22
33
7
21
32
7
20
31
7
19
30
7
18
29
7
17
28
7
16
27
7
12
26
16
17
27
16
18
28
16
19
29
16
20
30
16
21
31
16
22
32
16
16
26
15
29
32
15
30
31
15
32
30
15
33
28
15
34
27
15
35
25
8
35
26
8
33
29
8
36
24
8
36
23
8
36
22
8
36
21
8
36
20
26
35
19
26
34
18
26
33
17
26
32
16
23
32
15
23
33
16
23
34
17
23
35
18
23
36
19
10
12
25
10
12
24
10
12
23
25
13
22
22
12
22
10
13
21
10
13
20
22
13
19
25
14
19
25
15
17
25
16
16
10
14
18
22
14
17
22
15
16
22
16
15
21
17
15
21
19
15
21
21
15
21
22
15
21
23
15
21
26
15
21
27
15
21
30
15
21
31
15
20
29
15
20
28
15
20
25
15
20
24
15
20
20
15
20
18
15
12
20
19
12
18
22
12
16
23
12
20
25
12
21
24
12
22
23
12
23
22
12
24
21
12
29
18
12
27
27
12
23
29
12
24
30
14
27
30
14
25
29
14
29
27
13
28
27
13
26
30
13
25
30
13
24
29
11
23
28
11
30
24
11
30
23
14
28
21
13
27
21
13
26
21
13
25
21
14
24
22
14
23
23
14
22
24
14
21
25
14
18
23
13
17
23
14
19
22
13
21
19
14
22
19
14
30
18
9
30
33
9
31
33
9
31
32
9
32
32
9
32
33
9
33
33
9
33
32
9
33
31
9
35
32
9
34
32
9
34
33
9
35
33
9
36
33
9
36
32
9
36
31
9
35
31
9
34
31
9
34
30
9
35
30
9
36
30
9
36
29
9
35
29
9
34
29
9
35
28
9
36
28
9
36
27
9
36
26
9
36
18
9
35
17
9
36
17
9
36
16
9
35
16
9
34
16
9
33
15
9
34
15
9
35
15
9
36
15
9
15
15
9
14
15
9
14
16
9
13
15
9
13
16
9
13
17
9
13
18
9
12
21
9
12
20
9
12
19
9
12
18
9
12
17
9
12
16
9
12
15
9
12
27
9
12
28
9
12
29
9
12
30
9
12
31
9
12
32
9
12
33
9
13
33
9
14
33
9
15
33
9
16
33
9
17
33
9
18
33
9
19
33
9
20
33
9
21
33
9
20
32
9
19
32
9
18
32
9
19
31
9
18
31
9
18
30
9
17
30
9
17
32
9
17
31
9
17
29
9
16
29
9
16
28
9
15
28
9
15
27
9
14
27
9
13
27
9
13
28
9
14
28
9
13
29
9
14
29
9
15
29
9
15
30
9
16
30
9
16
31
9
16
32
9
15
32
9
15
31
9
14
31
9
14
32
9
13
32
9
13
31
9
13
30
9
14
30
2
26
19