5
14
25
6
36
25
4
35
25
15
34
25
8
34
26
6
34
27
7
32
27
4
33
27
16
32
26
15
31
26
8
31
27
8
31
28
6
31
29
7
26
29
4
30
29
4
29
29
4
28
29
4
27
29
10
26
28
10
26
27
17
26
26
15
25
27
8
25
28
8
25
29
6
25
30
7
23
30
4
24
30
16
23
29
4
22
29
4
21
29
4
20
29
4
19
29
17
18
26
6
18
31
7
16
31
7
15
30
7
14
28
7
13
26
4
17
31
8
18
29
8
18
30
19
18
28
19
18
27
16
16
30
16
15
28
16
14
26
10
15
29
10
14
27
10
13
25
22
13
24
25
14
24
10
14
23
10
14
22
10
14
21
10
14
20
22
14
19
20
15
19
23
16
19
26
16
20
23
17
20
26
17
21
10
19
20
22
19
19
21
20
19
20
21
19
21
22
19
21
23
19
26
24
20
26
25
21
23
24
19
23
25
20
10
27
20
22
27
19
21
28
19
20
18
21
25
19
21
25
27
21
21
26
21
26
30
20
26
31
21
25
32
21
10
32
20
22
32
19
23
30
19
23
31
20
21
29
19
21
33
19
20
34
19
23
35
19
26
35
20
23
36
20
8
36
21
8
36
22
8
36
23
8
36
24
3
34
24
3
35
24
3
35
23
3
35
22
3
30
28
3
29
28
3
28
28
3
28
27
3
22
28
3
21
28
3
20
28
3
20
27
3
20
26
3
18
25
9
19
31
9
19
30
9
20
30
9
20
31
9
21
31
9
21
30
9
22
30
9
22
31
9
23
31
9
24
31
9
25
31
9
26
31
9
26
30
9
27
30
9
27
31
9
28
31
9
28
30
9
29
30
9
29
31
9
30
31
9
30
30
9
31
30
9
31
31
9
32
31
9
32
30
9
32
29
9
32
28
9
33
28
9
33
29
9
33
30
9
33
31
9
34
31
9
34
30
9
34
29
9
34
28
9
36
28
9
36
27
9
36
26
9
35
26
9
35
27
9
35
28
9
35
29
9
35
31
9
36
31
9
35
30
9
36
30
9
36
29
9
36
19
9
36
17
9
36
18
9
31
19
9
31
18
9
32
18
9
35
18
9
34
18
9
33
18
9
34
17
9
35
17
9
33
17
9
32
17
9
31
17
9
30
17
9
29
17
9
26
17
9
27
17
9
28
17
9
30
18
9
29
18
9
28
18
9
27
18
9
26
18
9
26
20
9
26
19
9
25
19
9
25
18
9
25
17
9
24
17
9
24
18
9
23
18
9
23
17
9
22
17
9
22
18
9
21
18
9
21
17
9
20
17
9
20
18
9
19
18
9
18
17
9
19
17
9
18
18
9
18
19
9
18
20
9
17
19
9
17
18
9
17
17
9
16
18
9
16
17
9
15
17
9
15
18
9
14
18
9
14
17
9
13
17
9
13
18
9
13
19
9
13
20
9
13
21
9
13
22
9
13
23
9
13
27
9
13
28
9
13
29
9
13
30
9
13
31
9
14
31
9
15
31
9
14
30
9
14
29
2
30
27