5
12
21
6
36
33
7
31
33
7
30
32
6
37
28
8
36
32
8
36
31
8
36
30
8
36
29
8
37
27
8
37
26
8
37
25
8
37
24
8
37
23
8
37
22
15
36
28
14
35
28
13
34
28
13
33
28
13
32
28
13
31
28
12
30
28
4
35
33
4
34
33
4
33
33
4
32
33
16
31
32
16
30
31
3
35
32
3
35
31
3
35
30
3
34
31
3
34
32
3
33
32
14
36
25
13
35
25
13
34
25
12
33
25
11
36
22
8
37
21
8
37
20
8
37
19
8
37
18
23
37
17
11
34
18
23
35
15
20
34
15
21
33
15
21
32
15
21
30
15
21
29
15
21
28
15
21
26
15
21
24
15
21
23
15
21
22
15
21
19
15
21
18
15
26
35
18
8
35
17
8
35
16
9
36
16
21
36
17
14
34
19
14
32
18
14
30
19
13
33
19
13
31
18
13
29
19
12
32
19
12
30
18
12
28
19
14
26
18
13
24
18
13
23
18
12
22
18
13
25
18
11
25
17
11
25
16
21
25
15
3
34
17
3
32
17
3
31
17
3
30
17
3
29
18
3
26
17
3
24
17
3
23
17
3
23
20
3
24
20
3
22
20
3
21
20
11
18
18
12
18
19
14
19
19
12
19
20
14
20
20
12
20
21
13
21
21
13
22
21
13
23
21
13
24
21
13
25
21
14
26
21
14
27
22
13
26
22
12
27
23
14
28
23
12
28
24
14
29
24
11
23
24
14
24
23
12
22
23
13
23
23
12
21
22
13
22
22
13
23
22
13
24
22
13
25
22
11
25
27
14
25
28
12
24
28
14
24
29
12
23
29
3
25
30
4
29
31
4
28
31
4
27
31
4
26
31
4
25
31
4
24
31
4
23
31
4
22
31
4
21
31
15
20
31
15
19
32
6
20
32
6
19
33
7
14
33
4
15
33
4
16
33
4
17
33
4
18
33
3
15
32
3
15
31
3
16
32
10
14
32
10
14
31
10
14
30
10
14
29
10
14
28
10
14
27
10
14
26
16
14
25
12
15
26
13
16
26
13
17
26
14
18
26
12
18
25
14
19
25
11
18
24
4
13
25
11
15
25
7
12
25
10
12
24
10
12
23
10
11
21
10
11
20
10
11
19
10
11
18
16
12
22
7
11
22
11
14
17
11
15
19
21
16
15
21
15
15
21
14
15
22
11
17
25
13
17
21
12
17
22
13
15
10
13
16
3
15
17
14
16
20
12
15
20
14
15
18
12
14
18
3
18
23
20
21
15
20
17
15
20
20
15
20
27
15
20
31
15
9
36
15
9
37
16
9
37
15
9
12
15
9
12
16
9
11
16
9
11
15
9
11
23
9
11
24
9
11
25
9
11
26
9
12
26
9
13
26
9
13
27
9
12
27
9
11
27
9
11
28
9
12
28
9
13
28
9
13
29
9
12
29
9
11
29
9
11
30
9
12
30
9
13
30
9
13
31
9
12
31
9
11
31
9
11
32
9
12
32
9
13
32
9
13
33
9
12
33
9
11
33
9
20
33
9
21
33
9
22
33
9
23
33
9
24
33
9
25
33
9
26
33
9
27
33
9
28
33
9
29
33
9
30
33
9
29
32
9
28
32
9
27
32
9
26
32
9
25
32
9
24
32
9
23
32
9
22
32
9
21
32
9
37
33
9
37
32
9
37
31
9
37
30
9
37
29
9
38
33
9
38
32
9
38
31
9
38
30
9
38
29
9
38
28
9
38
27
9
38
26
9
38
25
9
38
24
9
38
23
9
38
22
9
38
21
9
38
20
9
38
19
9
38
18
9
38
17
9
38
16
9
38
15
2
25
26